110
200
10
250
20
40
270
20
10
70
70
50
0
50
50
0
30
200
160
40
30
100
60
280
190
10
10
90
30
130
10
60
30
40
100
120
70
10
0
40
50
10
20
50
80
60
50
50
130
0
200
50
60
10
140
30
90
90
0
110
10
0
0
0
10
0
40
70
70
0
0
0
0
20
20
40
0
0
70
0
0
70
50
30
80
20
60
40
10
80
80
30
170
0
30
370
0
30
0
0
50
10
140
80
50
30
20
0
0
10
0
20
0
30
10
10
0
30
40
30
20
0
260
270
910
0
70
480
0
10
30
0
30
100
210
0
150
80
40
20
20
150
160
20
20
0
20
70
40
20
40
0
0
0
0
0
0
0
0
0
0
0
0
0
0
50
0
60
250
10
140
140
30
60
0
90
20
210
180
370
250
110
210
260
180
60
0
30
0
30
0
220
30
230
200
180
30
300
260
20
20
20
450
40
130
320
150
110
280
330
10
10
410
0
580
50
170
20
170
90
30
280
50
0
0
30
30
0
0
10
0
50
120
10
0
100
0
0
0
30
90
10
40
30
10
20
40
540
20
30
30
50
80
0
0
420
0
70
20
10
0
0
120
680
0
0
60
180
70
0
0
70
50
40
10
20
20
30
10
0
80
120
60
340
100
0
0
10
10
0
230
0
0
620
0
20
110
50
60
20
70
40
170
0
40
40
0
0
0
0
0
110
10
40
20
70
30
60
60
60
90
10
30
10
20
90
0
80
20
30
30
20
110
20
150
90
60
50
0
0
0
40
60
20
40
0
0
0
0
0
80
10
30
10
20
